0.00 0.000545
0.01 0.000552
0.02 0.000236
0.03 0.000260
0.04 0.000234
0.05 0.000272
0.06 0.000337
0.07 0.000278
0.08 0.000284
0.09 0.000259
0.10 0.000282
0.11 0.000317
0.12 0.000340
0.13 0.000327
0.14 0.000348
0.15 0.000382
0.16 0.000381
0.17 0.000412
0.18 0.000436
0.19 0.000454
0.20 0.000493
0.21 0.000532
0.22 0.000515
0.23 0.000536
0.24 0.000543
0.25 0.000569
0.26 0.000610
0.27 0.000646
0.28 0.000654
0.29 0.000653
0.30 0.000702
0.31 0.000724
0.32 0.000726
0.33 0.000743
0.34 0.000780
0.35 0.000752
0.36 0.000841
0.37 0.000835
0.38 0.000892
0.39 0.000882
0.40 0.000927
0.41 0.000905
0.42 0.000924
0.43 0.000934
0.44 0.000986
0.45 0.000974
0.46 0.001041
0.47 0.001001
0.48 0.001026
0.49 0.001046
0.50 0.001087
0.51 0.001114
0.52 0.001099
0.53 0.001172
0.54 0.001182
0.55 0.001164
0.56 0.001220
0.57 0.001227
0.58 0.001266
0.59 0.001309
0.60 0.001319
0.61 0.001350
0.62 0.001353
0.63 0.001394
0.64 0.001313
0.65 0.001457
0.66 0.001463
0.67 0.001434
0.68 0.001454
0.69 0.001475
0.70 0.001487
0.71 0.001542
0.72 0.001505
0.73 0.001515
0.74 0.001536
0.75 0.001511
0.76 0.001604
0.77 0.001642
0.78 0.001589
0.79 0.001696
0.80 0.001697
0.81 0.001698
0.82 0.001786
0.83 0.001778
0.84 0.001708
0.85 0.001734
0.86 0.001839
0.87 0.001827
0.88 0.001856
0.89 0.001754
0.90 0.001803
0.91 0.001923
0.92 0.001882
0.93 0.001964
0.94 0.001932
0.95 0.002018
0.96 0.001958
0.97 0.002015
0.98 0.002036
0.99 0.002074
1.00 0.002062
