0.00 0.007109
0.01 0.007285
0.02 0.026363
0.03 0.042221
0.04 0.059105
0.05 0.077702
0.06 0.097596
0.07 0.122391
0.08 0.135281
0.09 0.149724
0.10 0.191934
0.11 0.192079
0.12 0.200432
0.13 0.219898
0.14 0.242382
0.15 0.281955
0.16 0.286892
0.17 0.293805
0.18 0.331855
0.19 0.357005
0.20 0.371058
0.21 0.377031
0.22 0.404143
0.23 0.415011
0.24 0.440224
0.25 0.454166
0.26 0.467089
0.27 0.503289
0.28 0.478407
0.29 0.514196
0.30 0.529260
0.31 0.549613
0.32 0.570516
0.33 0.611431
0.34 0.640693
0.35 0.671600
0.36 0.679563
0.37 0.706067
0.38 0.734293
0.39 0.747215
0.40 0.781638
0.41 0.732780
0.42 0.891516
0.43 0.797091
0.44 0.783473
0.45 0.806398
0.46 0.812907
0.47 0.829155
0.48 0.838233
0.49 0.859314
0.50 0.875669
0.51 0.897021
0.52 0.921777
0.53 0.927949
0.54 0.971597
0.55 0.959866
0.56 0.999849
0.57 0.994802
0.58 1.013765
0.59 1.065150
0.60 1.088161
0.61 1.076445
0.62 1.098534
0.63 1.100879
0.64 1.127917
0.65 1.167022
0.66 1.189901
0.67 1.225055
0.68 1.227885
0.69 1.270861
0.70 1.271774
0.71 1.258615
0.72 1.286490
0.73 1.303020
0.74 1.308480
0.75 1.304492
0.76 1.328076
0.77 1.371828
0.78 1.374179
0.79 1.391221
0.80 1.413319
0.81 1.461317
0.82 1.445848
0.83 1.445185
0.84 1.486260
0.85 1.540782
0.86 1.553454
0.87 1.535912
0.88 1.562156
0.89 1.657820
0.90 1.675330
0.91 1.667777
0.92 1.803013
0.93 1.813234
0.94 1.766371
0.95 1.768939
0.96 1.729705
0.97 1.713313
0.98 1.744892
0.99 1.732270
1.00 1.753991
