0.00 0.685857
0.01 0.698984
0.02 18.766735
0.03 36.606918
0.04 55.615879
0.05 73.180801
0.06 89.686188
0.07 107.952400
0.08 124.360260
0.09 142.966660
0.10 162.178085
0.11 176.728485
0.12 195.890198
0.13 214.244705
0.14 231.972534
0.15 271.199585
0.16 267.998413
0.17 284.699066
0.18 302.089569
0.19 318.518646
0.20 338.990906
0.21 353.528961
0.22 373.293274
0.23 411.038757
0.24 413.794525
0.25 426.991913
0.26 446.646240
0.27 479.210815
0.28 479.442261
0.29 494.626831
0.30 529.078613
0.31 533.695862
0.32 549.162415
0.33 562.915527
0.34 581.415344
0.35 597.006042
0.36 621.442749
0.37 639.745422
0.38 655.877563
0.39 673.599915
0.40 690.077698
0.41 713.266113
0.42 732.379639
0.43 743.164429
0.44 760.289856
0.45 778.505371
0.46 799.040222
0.47 815.116394
0.48 835.321777
0.49 859.350159
0.50 875.831116
0.51 888.277161
0.52 904.452637
0.53 918.783813
0.54 957.056763
0.55 964.920288
0.56 980.360352
0.57 995.274719
0.58 1017.489258
0.59 1031.275024
0.60 1061.843140
0.61 1070.061646
0.62 1082.370850
0.63 1093.694092
0.64 1117.403198
0.65 1141.286865
0.66 1151.721069
0.67 1164.626099
0.68 1191.654175
0.69 1202.632812
0.70 1222.748291
0.71 1238.711426
0.72 1258.895752
0.73 1270.050415
0.74 1284.881592
0.75 1319.742432
0.76 1330.018066
0.77 1348.871948
0.78 1369.326538
0.79 1382.964233
0.80 1397.931763
0.81 1416.252197
0.82 1452.030762
0.83 1461.759888
0.84 1468.471680
0.85 1489.936157
0.86 1519.409424
0.87 1530.663696
0.86 1504.923950
0.87 1502.164062
0.88 1542.914917
0.89 1559.016724
0.90 1576.854736
0.91 1609.319458
0.92 1614.686768
0.93 1605.680298
0.94 1635.688843
0.95 1665.701294
0.96 1683.366821
0.97 1697.524414
0.98 1710.138062
0.99 1748.363647
1.00 1752.156616
