0.00 0.001929
0.01 0.001972
0.02 0.004534
0.03 0.006918
0.04 0.009406
0.05 0.011725
0.06 0.013927
0.07 0.016777
0.08 0.018451
0.09 0.020798
0.10 0.022989
0.11 0.025281
0.12 0.027794
0.13 0.031113
0.14 0.033345
0.15 0.036933
0.16 0.036827
0.17 0.039509
0.18 0.042051
0.19 0.044034
0.20 0.046086
0.21 0.048867
0.22 0.053651
0.23 0.054996
0.24 0.056310
0.25 0.057954
0.26 0.061449
0.27 0.065310
0.28 0.066732
0.29 0.066595
0.30 0.072668
0.31 0.072545
0.32 0.074733
0.33 0.075108
0.34 0.075192
0.35 0.077771
0.36 0.080462
0.37 0.081456
0.38 0.089977
0.39 0.096731
0.40 0.094498
0.41 0.090015
0.42 0.092430
0.43 0.097112
0.44 0.106097
0.45 0.110903
0.46 0.103501
0.47 0.105106
0.48 0.108811
0.49 0.109588
0.50 0.107301
0.51 0.109588
0.52 0.111670
0.53 0.118635
0.54 0.121849
0.55 0.143758
0.56 0.135000
0.57 0.135497
0.58 0.133343
0.59 0.133998
0.60 0.132582
0.61 0.132232
0.62 0.136000
0.63 0.139470
0.64 0.138837
0.65 0.148406
0.66 0.158598
0.67 0.156652
0.68 0.153256
0.69 0.149870
0.70 0.152239
0.71 0.154908
0.72 0.155907
0.73 0.157356
0.74 0.169006
0.75 0.168809
0.76 0.164609
0.77 0.167146
0.78 0.171497
0.79 0.174828
0.80 0.170861
0.81 0.177115
0.82 0.177715
0.83 0.179100
0.84 0.188480
0.85 0.181706
0.86 0.185195
0.87 0.185321
0.88 0.189208
0.89 0.194847
0.90 0.193364
0.91 0.194830
0.92 0.196900
0.93 0.198421
0.94 0.209909
0.95 0.205913
0.96 0.216887
0.97 0.207784
0.98 0.214534
0.99 0.211621
1.00 0.212177
